seen_webtoon,recom_webtoon,cosine_sim
1,257,0.9675150744529531
1,143,0.951909635245366
1,740,0.9495775278658688
1,82,0.9411065037949894
1,378,0.9407725073529296
1,48,0.9384013014139114
1,384,0.9360545125820644
1,1124,0.9357246820479336
1,53,0.934801855908021
2,105,0.95680009830307
2,1129,0.9379249697475044
2,254,0.937350370122596
2,1056,0.9303663344045652
2,625,0.9302052518585712
2,860,0.9267220865659694
2,511,0.9264027267793074
2,1291,0.9241629843777308
2,768,0.9224939025934772
3,89,0.8774887970615692
3,135,0.8632678085836004
3,134,0.8629838883621038
3,36,0.8220339317747282
3,112,0.8160071698064238
3,150,0.809577374239192
3,457,0.8038924450048895
3,407,0.79678734433948
3,65,0.7842941480639244
4,123,0.9651973569954134
4,20,0.9634031540006918
4,774,0.9599726972278
4,1443,0.9596865285828746
4,12,0.9483687963689242
4,246,0.938564288582623
4,161,0.9374248191549706
4,11,0.934995180246122
4,260,0.9330140761925514
5,38,0.979250273052795
5,27,0.9742844339147976
5,715,0.9722576501434548
5,46,0.9693694062491648
5,975,0.9676636661678912
5,153,0.966776302922475
5,200,0.9648130761101064
5,1065,0.9627624117887276
5,651,0.9622976742186368
6,37,0.9775443665650017
6,905,0.9604486268713656
6,31,0.9559042176607834
6,868,0.952429454981202
6,354,0.9415727488526277
6,64,0.9408899754673752
6,900,0.9355306532345072
6,104,0.9327439794326968
6,556,0.9296260577652214
7,53,0.9702336514021968
7,22,0.962406793114809
7,499,0.9604232357186184
7,432,0.9596734338134468
7,271,0.958799745952076
7,265,0.9560263251183831
7,391,0.9558416630047548
7,754,0.954393801302206
7,54,0.9540819540868466
8,47,0.9526369815361432
8,134,0.8888594844456976
8,110,0.8765878977236452
8,127,0.8619319026423667
8,74,0.8517683065146087
8,457,0.850219038536461
8,135,0.8499149033909683
8,584,0.8260590376034824
8,150,0.8130656630513285
9,719,0.9707260614437406
9,456,0.9703742963027162
9,619,0.9684476309278336
9,176,0.9662285364276092
9,477,0.9634784814605412
9,238,0.9575002890981236
9,625,0.9543434462108588
9,1242,0.9495677320947216
9,129,0.9414841647845928
10,16,0.9664949257890804
10,913,0.9573495153675752
10,38,0.9533532610355988
10,1475,0.9514658921357364
10,153,0.9512601077423822
10,412,0.951023159335756
10,1065,0.9477771130525284
10,5,0.9472591613690604
10,1058,0.9464992952455292
11,246,0.974475215938782
11,1170,0.9715928290123188
11,232,0.97090306855234
11,453,0.9698160794452348
11,908,0.9686090513129828
11,86,0.9684112749302268
11,102,0.9674002323853744
11,970,0.9669422577756832
11,616,0.9668271994984006
12,20,0.9625066502354616
12,1328,0.955724571079648
12,774,0.9520026688735972
12,4,0.9483687963689242
12,113,0.9441288218596124
12,1443,0.9419055303213326
12,102,0.939003187822668
12,1006,0.9371376724474374
12,693,0.9369994413684806
13,24,0.9668408959533312
13,53,0.9491482488507396
13,42,0.948984452317961
13,5,0.947216163494614
13,900,0.943688820243904
13,1127,0.9425426821966392
13,227,0.94223373263968
13,262,0.937455658103242
13,103,0.937077910310114
14,156,0.9836874122231852
14,447,0.9757674960525
14,62,0.9724328567911436
14,682,0.9717596145903836
14,108,0.9628067395618604
14,1116,0.9627188268895872
14,1055,0.9626230504592678
14,1369,0.96115748395856
14,387,0.959782030340292
15,208,0.9849303858379328
15,235,0.9807924100347852
15,486,0.9750608870081902
15,83,0.973985202362046
15,29,0.9714838620216986
15,475,0.9690743053368036
15,160,0.9653572091573164
15,698,0.9647739506610292
15,754,0.9630301506713196
16,913,0.993658419048412
16,1475,0.9906119006325244
16,1058,0.9846024558336536
16,696,0.98258061991736
16,974,0.972056168859107
16,38,0.9718073465751508
16,412,0.9714485261577048
16,393,0.9711537029865268
16,1119,0.9710388848568634
17,66,0.9079868105274852
17,44,0.9052960882165556
17,43,0.9047676769828014
17,461,0.9044170219647356
17,138,0.901913633889291
17,444,0.8926899535897332
17,140,0.8889169049648009
17,124,0.8880096739004084
17,126,0.8868475422889859
18,568,0.979533215835521
18,709,0.9517654346953456
18,909,0.9486291727663242
18,1220,0.9395658501668258
18,111,0.9387548059233042
18,1418,0.9367791444350272
18,1329,0.934571221722926
18,1430,0.9345151628582866
18,299,0.9340215778182818
19,1036,0.9408974617758752
19,24,0.9404440156505576
19,1127,0.9357713861141296
19,851,0.9352770381011012
19,48,0.9338183053238458
19,712,0.9325529515900676
19,1227,0.9318568608681316
19,1168,0.931369900657731
19,828,0.9312805204583136
20,1328,0.9712364288204288
20,4,0.9634031540006918
20,1443,0.962591671100871
20,12,0.9625066502354616
20,693,0.957788834646616
20,1006,0.9576734846397243
20,290,0.9529290037531126
20,1152,0.9521178813508192
20,774,0.9516954738173324
21,627,0.9956199478404124
21,1025,0.9947543332595408
21,713,0.994417230193645
21,1465,0.9932990267332092
21,30,0.9928688541100956
21,687,0.9928624610864276
21,1097,0.9925745502330444
21,373,0.9915591961472516
21,471,0.9914879931959024
22,449,0.9693110770187352
22,542,0.9644641086038817
22,103,0.9631568909876732
22,7,0.962406793114809
22,271,0.9623978392850976
22,499,0.957137731004911
22,432,0.9566257864612692
22,486,0.9556208854284574
22,756,0.9548503605817704
23,28,0.9686718518889416
23,771,0.9633313163778716
23,113,0.9628658228341028
23,11,0.9626914477467358
23,908,0.962564143421954
23,102,0.960121316816942
23,560,0.9596394845773034
23,776,0.95762972731855
23,246,0.9569420371002644
24,13,0.9668408959533312
24,48,0.9443244373023278
24,53,0.9436013320163594
24,1127,0.9421258947792386
24,5,0.9417332627250062
24,19,0.9404440156505576
24,173,0.9383264786955428
24,542,0.9382995159128248
24,22,0.937529594324336
25,81,0.9988167079498254
25,193,0.9934275972643488
25,183,0.9859521271140392
25,203,0.9844710474432744
25,966,0.9767640081985804
25,655,0.9767190663604456
25,856,0.9767004296950252
25,1014,0.9759233549324196
25,58,0.97589516033454
26,892,0.9864222968368624
26,647,0.9849734783328454
26,760,0.98285278997599
26,358,0.9819180368253696
26,842,0.9796050299777712
26,573,0.978772585290934
26,1395,0.977048911971248
26,1378,0.9745989888035156
26,1340,0.973761429764257
27,185,0.9858530308466014
27,113,0.9814788133843724
27,38,0.9805140664564608
27,46,0.9790086063389488
27,1307,0.9759365264029376
27,5,0.9742844339147976
27,51,0.973036621538918
27,148,0.9721246141457468
27,41,0.9708404320787376
28,113,0.9785448042923196
28,148,0.9779082583894292
28,560,0.9756276553351518
28,776,0.9754202634989052
28,139,0.9692089312312678
28,23,0.9686718518889416
28,1186,0.9672885987959424
28,1147,0.9644843200836958
28,1169,0.9640304875002416
29,208,0.9832049740577916
29,302,0.9813356339844528
29,235,0.9804781494410388
29,271,0.979303400720168
29,486,0.978937911190594
29,15,0.9714838620216986
29,432,0.9703837108115988
29,499,0.9687585606373728
29,542,0.9657156718782676
30,1097,0.999836242655239
30,557,0.9991005810401722
30,471,0.9990607863924555
30,1465,0.998957484655733
30,373,0.9988201903072256
30,484,0.998650005800449
30,1272,0.9977072147720148
30,784,0.9974441518597538
30,251,0.997235033692843
31,905,0.9694753817714146
31,451,0.9568553108698415
31,1253,0.9559527489819502
31,6,0.9559042176607834
31,148,0.9523937698634432
31,1153,0.9501910870464502
31,104,0.9498688084145936
31,674,0.9497538102682598
31,27,0.9484187852949376
32,183,0.9827414220706332
32,21,0.9801116664069088
32,203,0.9800528380136128
32,92,0.9793609997960752
32,193,0.9786989485884642
32,627,0.9755053958314251
32,1025,0.9750209581633784
32,687,0.973617803815652
32,713,0.9709228742470306
33,1147,0.9653551675864382
33,1092,0.957344458108184
33,850,0.9561999121925226
33,971,0.9560334738980096
33,753,0.9559019438239392
33,498,0.9544812349626076
33,642,0.95432068254476
33,578,0.9527046123722086
33,149,0.9487529397531246
34,489,0.97342086824686
34,1159,0.9723084455227592
34,1391,0.9719509228011186
34,1027,0.9710961153974034
34,780,0.9699440535939952
34,1068,0.9693735854144222
34,779,0.9674546949747896
34,550,0.9658701145515748
34,1533,0.9641697328148104
35,131,0.9766172388309176
35,282,0.9498760534268595
35,457,0.947452794562992
35,585,0.9473764612282072
35,317,0.9465019949646344
35,318,0.9411368358510158
35,1091,0.9360125073144968
35,519,0.9333152935789722
35,409,0.9312069907609924
36,89,0.968670302363976
36,88,0.9663794477182092
36,94,0.9316824091134088
36,124,0.9240109899506967
36,199,0.9205480509580511
36,837,0.9193676111965144
36,50,0.9155266449926636
36,140,0.9151380443468172
36,112,0.9117223749923344
37,6,0.9775443665650017
37,31,0.9428703252254048
37,905,0.9363377950807352
37,103,0.9354894215764148
37,64,0.9335765839139232
37,449,0.9308815303968886
37,22,0.9295552262321852
37,53,0.928030314384306
37,900,0.9277429202495152
38,27,0.9805140664564608
38,5,0.979250273052795
38,1119,0.9731978602135462
38,16,0.9718073465751508
38,185,0.9707465428441362
38,1162,0.9706148683814244
38,1110,0.9705958587411858
38,1065,0.9704729423297442
38,954,0.9698868173750476
39,1295,0.9481570123828686
39,107,0.9463012883032276
39,139,0.944307815375944
39,1196,0.943698463996708
39,32,0.9430982228384496
39,345,0.941723988033903
39,954,0.9415012182201012
39,706,0.9401159523067416
39,385,0.9400509901067596
40,218,0.9564524629000256
40,338,0.9563435933455238
40,189,0.9464122739117118
40,109,0.942706369992103
40,170,0.9392040780083007
40,199,0.935799265859652
40,94,0.9331097786470371
40,265,0.9314342259056728
40,50,0.9303550640583604
41,51,0.9929041057260154
41,723,0.9825192545995476
41,372,0.9761976178068772
41,850,0.9756473535417588
41,385,0.9737477883287968
41,113,0.9732592915872434
41,805,0.9729981088381596
41,251,0.9727328257230397
41,713,0.972619456853985
42,13,0.948984452317961
42,5,0.9364827510164284
42,975,0.9350356042792334
42,715,0.9323015552624913
42,24,0.9319611248241356
42,391,0.9301616938102673
42,19,0.9226320956887976
42,67,0.9224987855892244
42,76,0.9218257919336228
43,65,0.9400508175312354
43,461,0.9378931512082872
43,317,0.9200226082137464
43,291,0.9148738152856448
43,126,0.9131036490343089
43,17,0.9047676769828014
43,89,0.9006069357313433
43,444,0.8982915057405474
43,837,0.8978695108885814
44,461,0.9245432402916494
44,444,0.91736242400353
44,66,0.9142749379271524
44,291,0.9122738625903908
44,126,0.9115270047647276
44,138,0.9094043017292476
44,837,0.9068064682130316
44,17,0.9052960882165556
44,124,0.9025297425233696
45,295,0.903402047329504
45,444,0.8962909738984512
45,646,0.8913845399001903
45,658,0.8824761328958741
45,72,0.8767714783552341
45,228,0.8759306491205197
45,914,0.874454358352893
45,618,0.8728881610468696
45,190,0.8715309489009326
46,27,0.9790086063389488
46,51,0.9722408875843744
46,1119,0.9702448120504398
46,38,0.9694515983176152
46,5,0.9693694062491648
46,651,0.9666318118902528
46,1110,0.9652379533317434
46,102,0.9648570151646824
46,41,0.9638158651682562
47,8,0.9526369815361432
47,457,0.939181757400082
47,127,0.9239129150254684
47,584,0.9195709649314974
47,134,0.9193603462389534
47,131,0.9090011956383054
47,279,0.8842629487784344
47,282,0.882680389527434
47,585,0.8804851931867169
48,825,0.9623202848236584
48,361,0.9622881923547072
48,1000,0.9606252331103172
48,345,0.956638709793668
48,53,0.9564559098873926
48,1127,0.9557332055991284
48,388,0.95095690779128
48,57,0.947862734535767
48,1036,0.947663966382922
49,788,0.9064881858950428
49,507,0.9009839535374548
49,43,0.8978210759177268
49,461,0.8882122214387282
49,914,0.885120543451678
49,689,0.8723637225355978
49,427,0.8693054799148353
49,404,0.8681833107145631
49,247,0.8676012635562915
50,136,0.9835223591255084
50,112,0.9509633060343624
50,218,0.9446914811809296
50,199,0.9436019266081236
50,837,0.9431445107358356
50,275,0.9409270116149104
50,83,0.9396117940857144
50,746,0.9383112096177446
50,119,0.9362273360530868
51,41,0.9929041057260154
51,966,0.9801314962251302
51,191,0.9793814564103822
51,343,0.9793565538340104
51,251,0.978927105646018
51,530,0.9788795465187008
51,269,0.9786721860141092
51,266,0.9786247321785732
51,655,0.9783582356537694
52,90,0.9112427108221014
52,157,0.9093943282927144
52,806,0.887079804872629
52,225,0.8781498610200348
52,465,0.8634278622118575
52,502,0.8469516157644702
52,310,0.8391951823028598
52,702,0.8356392646798723
52,680,0.8312650384763236
53,7,0.9702336514021968
53,344,0.9659801915728294
53,900,0.9656989251748622
53,449,0.965692125608044
53,499,0.9644152010730244
53,455,0.9619702660556808
53,103,0.9618366137182676
53,432,0.9616473758920544
53,271,0.9614705414816438
54,7,0.9540819540868466
54,288,0.9384258334387136
54,1361,0.9324777766093736
54,209,0.9319791194402864
54,640,0.9307808988524444
54,754,0.929503179020608
54,255,0.9277460105989328
54,53,0.9276993282832828
54,56,0.9264305695855032
55,715,0.9767116568716194
55,59,0.9724150114458388
55,1083,0.9705556233078672
55,1408,0.9687752327356922
55,700,0.9681837793477076
55,955,0.9666288148844392
55,1131,0.9664622754633372
55,1524,0.965218429151241
55,881,0.9652152119170064
56,286,0.9545166617477636
56,108,0.9489371050903342
56,859,0.9479740206323288
56,731,0.9414126394737824
56,350,0.9387196680836084
56,370,0.9369317024245392
56,192,0.9327924138281992
56,195,0.932499942167147
56,794,0.9313690323288248
57,1042,0.9732527677899678
57,670,0.9718948346161242
57,1014,0.9718707015098852
57,856,0.9716121430560004
57,266,0.971438035683805
57,575,0.9711878387687916
57,269,0.9711797218114856
57,655,0.9705592170340956
57,392,0.9702320849794072
58,81,0.9813933625034102
58,677,0.9783321317355
58,25,0.97589516033454
58,193,0.9721493864070208
58,1002,0.9711244003870588
58,432,0.969059563989273
58,734,0.9685735424371829
58,183,0.9675655852613492
58,266,0.9654912397225816
59,1083,0.9774322912895268
59,700,0.9755693649256444
59,955,0.9727782668076166
59,55,0.9724150114458388
59,1386,0.9707931170530042
59,1408,0.9688069109592012
59,381,0.9684686513655354
59,1524,0.968249032201486
59,1224,0.9655933974058776
60,632,0.9367892357986368
60,109,0.9346940145887276
60,87,0.9338255499250524
60,277,0.9335886976935214
60,475,0.9302341032779268
60,803,0.9297510272596012
60,124,0.9284056418887766
60,138,0.9265092782304694
60,217,0.924271677360844
61,289,0.9659306513417962
61,1144,0.954303416506436
61,1158,0.9538731056689176
61,311,0.9534638529105106
61,146,0.9533997290405892
61,223,0.9472235594111432
61,742,0.945316221604386
61,367,0.9404993009333448
61,258,0.9400998401723264
62,14,0.9724328567911436
62,1071,0.972062977423866
62,1364,0.9710752205467104
62,1422,0.966819435454203
62,301,0.966120750128032
62,383,0.9656315705919056
62,574,0.9652299183776212
62,781,0.9633289829536044
62,1083,0.9577864573604388
63,256,0.9707527555173692
63,258,0.9532563999359308
63,831,0.9369949885749052
63,1144,0.929626564421464
63,322,0.9293719308420818
63,1268,0.9218145720554328
63,595,0.9199546577421134
63,79,0.9186884428958066
63,398,0.917725072561416
64,354,0.9528231937319602
64,863,0.948220601547551
64,6,0.9408899754673752
64,37,0.9335765839139232
64,900,0.932550639785244
64,196,0.9275837941516676
64,260,0.9272303981889292
64,302,0.9219430897838062
64,76,0.9219377072647909
65,317,0.9534547057452806
65,291,0.9513832575054632
65,43,0.9400508175312354
65,409,0.9391817744975228
65,126,0.9389077548461018
65,461,0.9377847958223512
65,427,0.9237331170391098
65,837,0.923658331185118
65,458,0.9197992835697868
66,837,0.9615453108199714
66,126,0.958864200491953
66,746,0.9584478413853192
66,444,0.9526564010127452
66,461,0.9516625012318276
66,291,0.9490575540770608
66,458,0.9465240557744146
66,914,0.9454169320513164
66,80,0.9405610357236884
67,975,0.9881645440621056
67,1346,0.9772095178181376
67,1128,0.972195787097254
67,1303,0.9704329089226744
67,1480,0.9684506061960348
67,715,0.9673365424623258
67,1305,0.9670843157266094
67,705,0.9660267205660108
67,1213,0.9651334091222196
68,1151,0.9977001844529156
68,1324,0.9965711687248742
68,880,0.9960520740525418
68,770,0.9929041461245056
68,522,0.9880011479299184
68,669,0.9871121596660823
68,767,0.9860023489043708
68,1223,0.9843274915560388
68,727,0.9804782636667164
69,176,0.9532858135934272
69,594,0.9496496844055358
69,1191,0.9484686399972956
69,985,0.9477124953741664
69,625,0.9426407653626782
69,534,0.9422527278942372
69,1242,0.9412861701460462
69,129,0.9406785552149678
69,1291,0.9401896977737836
70,1225,0.9691548405087008
70,115,0.965909862578031
70,810,0.9658604744394196
70,177,0.9653442253406564
70,801,0.953340085664776
70,1077,0.949108731478425
70,364,0.9484882533526426
70,548,0.9445028961870496
70,833,0.944039073590078
71,309,0.9704837465549015
71,616,0.9665112619823256
71,970,0.9636494918217252
71,212,0.9590638113101602
71,84,0.9588965317219345
71,232,0.956648003614667
71,904,0.9554418320754878
71,11,0.954295607317404
71,32,0.9541586660697968
72,1261,0.9674219193452326
72,1081,0.964938574549175
72,525,0.9605997830491044
72,295,0.9601016969966544
72,728,0.9595971588926872
72,964,0.959416930191094
72,1012,0.9590137784202106
72,606,0.9575559376374236
72,402,0.9566618760079209
73,586,0.9575040413445604
73,756,0.955526479878718
73,383,0.9528062579578114
73,449,0.9526767334960956
73,377,0.9524007861430268
73,315,0.9514721887004284
73,420,0.94536716551931
73,542,0.941828351057206
73,1422,0.9407744374767368
74,110,0.9625449449095276
74,502,0.9040058406316868
74,310,0.9001582159920195
74,806,0.8883926799111435
74,90,0.8669626784585016
74,47,0.8569373297999116
74,8,0.8517683065146087
74,450,0.8511163457290991
74,465,0.8467832328052879
75,596,0.9560913317234369
75,411,0.9521208051761816
75,99,0.9387296171116416
75,229,0.9288478069621506
75,303,0.9243963150698544
75,680,0.9239021874069024
75,236,0.9190954526306632
75,576,0.9181881280225784
75,637,0.9107594348985176
76,67,0.963304690206272
76,556,0.9615819249440474
76,670,0.9604543618471224
76,677,0.9598298013038002
76,1042,0.9588944085910364
76,975,0.9587781745932288
76,1002,0.9585885185605858
76,734,0.9564554174232696
76,712,0.953872035772213
77,566,0.958937799236944
77,449,0.9552546224668494
77,363,0.9533552508101022
77,213,0.9530879121661632
77,415,0.9509717694843064
77,103,0.9501578305291049
77,640,0.9484869654539914
77,208,0.9473118839600396
77,160,0.9468752707127808
78,394,0.94037392620502
78,249,0.939442604062364
78,641,0.936086154051724
78,988,0.9338320352451904
78,1228,0.9199325223710804
78,434,0.9146513540033288
78,817,0.9140911619075084
78,1405,0.9098491196736384
78,238,0.8981205466874278
79,73,0.9375549389689676
79,634,0.936176715660246
79,632,0.9323073070946792
79,479,0.9312544549309248
79,235,0.929513477683618
79,208,0.929480556854909
79,302,0.9265714413771516
79,315,0.926214949340035
79,83,0.9218866191720084
80,998,0.9769930495716376
80,987,0.9625376341562796
80,644,0.94742140774061
80,244,0.9472182864794598
80,475,0.94663358069022
80,255,0.9455454360421948
80,698,0.9452781084954208
80,295,0.9451610515394152
80,333,0.944670039980218
81,25,0.9988167079498254
81,193,0.9928693013119148
81,183,0.9850168438800776
81,203,0.9829559386717645
81,58,0.9813933625034102
81,966,0.977409219890746
81,266,0.9769982210821392
81,191,0.976686286748817
81,269,0.9763981627001757
82,474,0.9804591716982743
82,740,0.9803590516079332
82,347,0.9793946761794856
82,924,0.9736967053245672
82,1124,0.9729716992701314
82,728,0.9724918511106382
82,983,0.9714897748942782
82,118,0.9714422560524072
82,714,0.9713938701311692
83,208,0.9750411581128328
83,15,0.973985202362046
83,235,0.9703933689732652
83,486,0.9678626508754288
83,29,0.9651999925928942
83,302,0.965146737254396
83,475,0.9624258890408846
83,189,0.9569976075099432
83,542,0.9567657519933024
84,232,0.974441695859855
84,616,0.9726181091522323
84,353,0.9690063601376496
84,182,0.9658343739318804
84,51,0.965148078606208
84,677,0.964981836962496
84,819,0.964386767500892
84,266,0.9642109987303872
84,624,0.9630836138791736
85,1062,0.9988674085610036
85,845,0.9985336295719094
85,749,0.9979164449586784
85,714,0.9972429214451786
85,441,0.996894455723686
85,861,0.995931755123375
85,775,0.9959112752897514
85,342,0.9958222770875044
85,384,0.994991435055922
86,102,0.9699500433648937
86,51,0.9698220021093228
86,192,0.9684482685930512
86,11,0.9684112749302268
86,41,0.9680822939986152
86,232,0.966390700230742
86,139,0.9646646520638786
86,1216,0.9637453754142856
86,46,0.9636655079632384
87,289,0.9695950352704584
87,311,0.9660927612922332
87,217,0.9651376834939795
87,277,0.9568637168741974
87,632,0.9521233819383332
87,1158,0.950492836349951
87,147,0.9455659577565192
87,496,0.9452194557873982
87,946,0.9438068488422938
88,36,0.9663794477182092
88,124,0.9646594566969112
88,94,0.961618823345896
88,109,0.9455217045780956
88,338,0.9454940797747252
88,138,0.9434502089206664
88,837,0.9383601833844616
88,218,0.936898016848045
88,199,0.9343668971385976
89,36,0.968670302363976
89,837,0.939436785893784
89,88,0.9287172009717728
89,140,0.923594181965914
89,317,0.911994402849066
89,50,0.9109883619179332
89,124,0.9070654368010856
89,199,0.906848634141006
89,746,0.9054100606191025
90,465,0.97167134256341
90,806,0.9518683675202524
90,157,0.9509806410976964
90,502,0.939533042267996
90,680,0.9355603773328198
90,225,0.9241634646257868
90,52,0.9112427108221014
90,310,0.9047591060468664
90,450,0.9036400431785852
91,862,0.9718832620728984
91,1186,0.95693766672935
91,1249,0.9556010212191216
91,1386,0.9555782009229832
91,1043,0.9526140994572124
91,850,0.949740349412126
91,1147,0.9493347271332684
91,59,0.9484184410565418
91,1216,0.9478019842502629
92,203,0.982812566218598
92,32,0.9793609997960752
92,183,0.9784013300482756
92,21,0.9719046177291276
92,380,0.9706007836974058
92,838,0.9704802812101124
92,292,0.9704328820994992
92,193,0.9682876026159536
92,25,0.9682062723710664
93,762,0.9506034638604768
93,493,0.9418818428530328
93,203,0.9374903768416172
93,1003,0.935085714404194
93,193,0.9332940963924852
93,32,0.9292863268006358
93,1170,0.9267928024550032
93,838,0.924914123925724
93,560,0.9244633031472422
94,338,0.9726463375888192
94,218,0.962116385515974
94,88,0.961618823345896
94,486,0.9552487324551472
94,497,0.953771812648319
94,754,0.9530832504309996
94,119,0.952608319120021
94,475,0.9511447024671018
94,109,0.9506726429942768
95,748,0.9807481987829682
95,1139,0.9758130620721928
95,1204,0.974882287902748
95,1367,0.9714454883490956
95,1254,0.971123495559552
95,1385,0.9703728923392916
95,732,0.9653462794415008
95,870,0.9623928587211672
95,572,0.9616408971500996
96,312,0.9524200788857192
96,472,0.9414159106548322
96,280,0.936463289733504
96,826,0.9317440209682512
96,601,0.930818339803131
96,1059,0.922253311058234
96,968,0.9217371422174184
96,362,0.9211087880602268
96,725,0.9177152477572804
97,284,0.9690783180756836
97,475,0.9648028118608744
97,160,0.9610696236025048
97,754,0.9603108114062824
97,640,0.9599749159137974
97,344,0.9596956061396829
97,184,0.9592829752345936
97,415,0.9587990919839182
97,15,0.9583326373041168
98,963,0.9855114849636282
98,51,0.973269620484342
98,113,0.9697618774394212
98,471,0.9696851313298548
98,1196,0.9694034791619868
98,30,0.9691752641210624
98,557,0.969087695594994
98,1097,0.9685888955992026
98,1495,0.968579114385414
99,351,0.9700149893737948
99,362,0.9453681789566868
99,304,0.9438617983742936
99,411,0.940123058802772
99,75,0.9387296171116416
99,906,0.9352573939519352
99,1050,0.9325420295118708
99,563,0.9292506957417056
99,535,0.9260323278748208
100,1439,0.9953340270032184
100,1462,0.992526041074844
100,1063,0.992362919733509
100,294,0.9916055466221324
100,777,0.9876056849463768
100,657,0.9874280599804898
100,1095,0.9862033572233044
100,898,0.9835165819561724
100,1393,0.9821765660141754
101,188,0.9620922735492324
101,702,0.9196429582704118
101,483,0.9130411829443792
101,783,0.9123243604628208
101,596,0.908699081999546
101,1043,0.9070584543976976
101,141,0.9013097692477468
101,1035,0.9000621269121989
101,91,0.893293902622451
102,453,0.9763254746302954
102,51,0.9736595291127342
102,978,0.9722573675135936
102,41,0.9713060705416968
102,624,0.9711880629936815
102,86,0.9699500433648937
102,260,0.9693702924795148
102,113,0.9690891602894296
102,459,0.9689515517842529
103,449,0.9784566301661084
103,900,0.9714208143485727
103,756,0.9697604687623546
103,113,0.9677915649030516
103,566,0.9670886948178276
103,747,0.9650620417531846
103,27,0.9640818516112
103,22,0.9631568909876732
103,102,0.962987723014127
104,868,0.969539529905322
104,451,0.9694313904594568
104,799,0.9644298425254798
104,905,0.9588258975376912
104,1253,0.9504476473457028
104,31,0.9498688084145936
104,1153,0.9439810193920404
104,120,0.9405143833572632
104,1281,0.9398002100409466
105,1056,0.9623078814498
105,2,0.95680009830307
105,511,0.9560871724262756
105,768,0.9493604736122558
105,1291,0.9489402538519488
105,926,0.94833456507266
105,1129,0.9470080505808628
105,492,0.9460485048087608
105,1033,0.9415019261880694
106,938,0.9558799328774712
106,459,0.9556579572814424
106,776,0.9554911913042654
106,1452,0.9542829013025472
106,1186,0.9536769688427152
106,1003,0.9533360277198832
106,978,0.9530649875121812
106,416,0.9526935032711588
106,581,0.9522884222313844
107,231,0.9609319642255394
107,627,0.9506681493212016
107,139,0.950503263373695
107,1025,0.9502052834432548
107,553,0.9496391005956766
107,203,0.9482470586913928
107,86,0.9481658657982228
107,687,0.9475369416363304
107,192,0.9474101248256738
108,192,0.9848719353750246
108,859,0.9743611795843702
108,944,0.9717936177593572
108,731,0.9699209510663672
108,400,0.9680959353752938
108,231,0.9665953610339172
108,488,0.9654140626381104
108,553,0.9650124946794604
108,1115,0.9646647108271752
109,338,0.9612999182201158
109,159,0.9561112134270948
109,199,0.9560838599947484
109,124,0.955551894758618
109,837,0.9553047516280652
109,746,0.9521283508579405
109,94,0.9506726429942768
109,155,0.949592166342166
109,218,0.949056362502523
110,74,0.9625449449095276
110,310,0.8989477657761387
110,502,0.8967681527028718
110,806,0.8822220185827955
110,47,0.880209512170254
110,8,0.8765878977236452
110,90,0.841801082256734
110,702,0.832855238881502
110,465,0.8305575361807103
111,869,0.9468413530310492
111,1431,0.9404127232589308
111,18,0.9387548059233042
111,330,0.9384061578193484
111,1333,0.937756329850443
111,435,0.9366732445214776
111,1114,0.9278879084519236
111,909,0.9259228390227
111,1313,0.9229685754047432
112,50,0.9509633060343624
112,826,0.9381895812149512
112,199,0.9362312679397622
112,218,0.9356963629986148
112,275,0.9287938683582312
112,136,0.9233085344928352
112,245,0.9228132114848546
112,162,0.9224240903292542
112,242,0.9213316301884008
113,27,0.9814788133843724
113,28,0.9785448042923196
113,148,0.9777848709285348
113,41,0.9732592915872434
113,51,0.97166984819252
113,98,0.9697618774394212
113,102,0.9690891602894296
113,185,0.9686729354403414
113,1249,0.9681539140516215
114,1189,0.9458171219351184
114,788,0.9442070109998052
114,689,0.9408938951942662
114,277,0.936719163708345
114,803,0.93415357886752
114,947,0.9338258172820464
114,289,0.9333055222630304
114,507,0.9325908138153254
114,496,0.9281983823565738
115,833,0.9926876648821202
115,810,0.9874356646529976
115,364,0.982102706068086
115,177,0.9815671135541332
115,1123,0.9733202354086806
115,982,0.9700622737438716
115,921,0.969953738940714
115,201,0.9688034869751254
115,1526,0.9686945251160785
116,311,0.9562994791695314
116,742,0.9528898295809825
116,289,0.9502075833233644
116,636,0.9438253139089924
116,1158,0.940563126679818
116,277,0.9392613778556512
116,61,0.9358755913085968
116,217,0.9295117967499682
116,946,0.9290401183075404
117,1028,0.9763043652907206
117,831,0.9668148255086578
117,876,0.962644614172916
117,958,0.9601666599712172
117,1268,0.9601616702145348
117,796,0.959707990012872
117,679,0.9575768249017
117,726,0.9517171916431196
117,1022,0.950529508858218
118,332,0.9952718107785218
118,347,0.993565941509598
118,428,0.9926718084179404
118,964,0.9918198656159658
118,606,0.9874680848299762
118,306,0.9873303292331468
118,635,0.9872043825120022
118,1264,0.9864870078665348
118,924,0.9864779355264296
119,218,0.9598834285117048
119,94,0.952608319120021
119,199,0.9489318961134722
119,189,0.9463588595280052
119,754,0.9463089778421102
119,136,0.9459368616260276
119,208,0.944538660410016
119,83,0.9437130651277954
119,15,0.9419305744776492
120,544,0.9593861966143118
120,853,0.9427897589192358
120,1253,0.941212045173259
120,104,0.9405143833572632
120,989,0.9400052329877028
120,674,0.9325164132346084
120,1153,0.932151787092118
120,799,0.9317683485339796
120,451,0.9313307325598564
121,1089,0.9265861235808982
121,1291,0.9229235150417272
121,617,0.9225668720384212
121,1277,0.9223121723239648
121,1033,0.921121768001165
121,202,0.9201744813241566
121,1267,0.919514179986124
121,1344,0.9175045965633646
121,1337,0.9162323846485187
122,1343,0.9992030714453348
122,1399,0.9988019018026056
122,1117,0.998726053627665
122,757,0.9983063939911092
122,1402,0.9976973518487238
122,1453,0.9974728466477714
122,830,0.997097282437394
122,1450,0.9970931963242124
122,1181,0.9969782782262726
123,4,0.9651973569954134
123,774,0.9620537739278194
123,1443,0.9601381325821196
123,693,0.9529084730999756
123,1006,0.9527062337798412
123,20,0.9495896427829684
123,290,0.9434652819280928
123,12,0.93453280261439
123,741,0.9279273832342514
124,138,0.9708845963581064
124,88,0.9646594566969112
124,109,0.955551894758618
124,199,0.9515974585226536
124,338,0.9504867425270608
124,746,0.948346262956342
124,837,0.9481791541813108
124,94,0.9453062591076576
124,461,0.9383729040572076
125,129,0.9291240842250316
125,534,0.9244442636409276
125,619,0.9167750343668492
125,477,0.91641408421984
125,9,0.9162074923983816
125,1191,0.9141100759014616
125,456,0.9122169318762356
125,176,0.9096970801717958
125,719,0.9090554757939
126,291,0.9744099567040398
126,837,0.9707138777968356
126,746,0.9659871072386248
126,66,0.958864200491953
126,317,0.9497835101604885
126,461,0.9490610347674724
126,738,0.9446921892825816
126,875,0.9407739306055792
126,65,0.9389077548461018
127,47,0.9239129150254684
127,401,0.9237068590498024
127,1112,0.9145189031303004
127,454,0.8971613771614054
127,462,0.8916149364116508
127,802,0.8876652395449849
127,376,0.880827635037163
127,137,0.8802441512606594
127,154,0.8782398652579614
128,741,0.9305548996358564
128,12,0.9178224773106604
128,123,0.9138121280522586
128,907,0.9096267881662148
128,422,0.9086545598784584
128,20,0.9079282311380203
128,774,0.9072057250670396
128,693,0.907098358141648
128,1006,0.9012114175048748
129,1191,0.9844109520298516
129,491,0.9770634282372086
129,1105,0.9754689363347812
129,625,0.95658604540713
129,456,0.954636094038533
129,719,0.948022641099268
129,985,0.9474014500396905
129,477,0.947043542644473
129,619,0.9466823114800818
130,223,0.9910492522197673
130,1074,0.98640881472318
130,635,0.9831882679992612
130,1101,0.9830286403906184
130,332,0.981860210062944
130,974,0.9812511716925332
130,876,0.98059520338375
130,964,0.97982551838432
130,198,0.9793024416255868
131,35,0.9766172388309176
131,457,0.9716311600807244
131,585,0.9588458684506564
131,317,0.9515533456991878
131,282,0.9512474382649818
131,519,0.9433988904585228
131,485,0.9425221292842326
131,318,0.9402315321232944
131,137,0.9397064025173234
132,517,0.9823205593896563
132,358,0.973876145808428
132,672,0.9713377350130455
132,929,0.9663166488084372
132,1224,0.9622331277284036
132,647,0.961573902598979
132,1360,0.9609560117358212
132,26,0.960488031117388
132,1372,0.9603048580100424
133,382,0.9772625357698472
133,374,0.9721278202732826
133,1150,0.9684227578498062
133,834,0.9668901654201004
133,405,0.9666001902474596
133,438,0.96637675719947
133,1271,0.9616771908880538
133,759,0.9572250475981344
133,481,0.956108979590831
134,407,0.972986065996695
134,457,0.9497814705476126
134,135,0.9200032624857792
134,47,0.9193603462389534
134,584,0.917583279540502
134,331,0.9095138484943898
134,150,0.9061712960300649
134,137,0.9050770229535192
134,585,0.8970422356694729
135,134,0.9200032624857792
135,150,0.9161994282311204
135,162,0.911085054473274
135,112,0.9041500166400104
135,584,0.9016989165449604
135,407,0.9001552748568865
135,50,0.8959442714497681
135,89,0.8885795330863973
135,280,0.8874284809315942
136,50,0.9835223591255084
136,83,0.9522719289674536
136,275,0.9488515798522074
136,738,0.9470742252159337
136,119,0.9459368616260276
136,218,0.9439861494164355
136,208,0.9414083313485164
136,15,0.9413949386691238
136,746,0.9409835694627836
137,675,0.9531674277594038
137,457,0.9505632450156414
137,282,0.9485314894206328
137,485,0.9431660977170369
137,376,0.9420304629538888
137,131,0.9397064025173234
137,454,0.939337083973366
137,1091,0.939031873942515
137,585,0.9367287975835514
138,461,0.974357574015826
138,124,0.9708845963581064
138,458,0.95833031574486
138,914,0.9527677325235148
138,444,0.9487245086231926
138,1189,0.9474375120390904
138,565,0.945344662530053
138,199,0.9438802831393232
138,88,0.9434502089206664
139,385,0.9763016956206914
139,1170,0.9719190786157396
139,232,0.9707513950943184
139,550,0.969402869856861
139,28,0.9692089312312678
139,1186,0.968450660326656
139,1349,0.9680312589909528
139,41,0.967849350413544
139,970,0.9668636289610808
140,89,0.923594181965914
140,124,0.9215404166585244
140,88,0.9178390494789536
140,36,0.9151380443468172
140,199,0.9133978439662256
140,138,0.9123039913919748
140,837,0.9119291280087118
140,126,0.9094597495805656
140,109,0.9094537827917936
141,1064,0.991587145262345
141,328,0.9865829622437532
141,424,0.9856159120122994
141,523,0.9783993849685976
141,686,0.9762161205753842
141,419,0.975950909158786
141,1109,0.9720764068230524
141,515,0.9663244542830784
141,773,0.9603826975729748
142,981,0.9401907828124758
142,253,0.9395799000835464
142,161,0.9362101862417104
142,168,0.9325380298587586
142,426,0.9302130436821664
142,559,0.9229426930114386
142,450,0.9193586300466186
142,1080,0.9190735059885202
142,359,0.9169617908835096
143,1015,0.9784418366951968
143,198,0.9728020184755408
143,329,0.971506157626324
143,960,0.97096829359196
143,361,0.9708466391278956
143,983,0.9698065932574614
143,1255,0.969420470702355
143,980,0.9693463342778932
143,1236,0.9685040617008804
144,1038,0.9279110030915418
144,1182,0.9243839307870522
144,446,0.9095162346558676
144,1165,0.8914129345452978
144,549,0.8860728112502486
144,590,0.8855219162172766
144,433,0.8610753045251497
144,552,0.8592899434825663
144,237,0.8524990224782388
145,375,0.9859255221072432
145,437,0.9710214917432788
145,1027,0.9674103974899936
145,1068,0.96448677572675
145,414,0.9624780549839708
145,779,0.9624731756580372
145,1170,0.9619795410830124
145,1010,0.9615874323135652
145,1487,0.9608168518549564
146,61,0.9533997290405892
146,984,0.9426439864807964
146,1144,0.9420674211964052
146,742,0.939178493591046
146,832,0.9371451395823762
146,258,0.9328680601121558
146,726,0.931303587300107
146,289,0.9253532927063048
146,117,0.9239386595716812
147,217,0.955989493710072
147,1468,0.953073770002194
147,496,0.9514513404812136
147,946,0.9508045399373992
147,1158,0.9501233528793258
147,956,0.9496552249296945
147,87,0.9455659577565192
147,289,0.9427184035045266
147,311,0.9385003845955452
148,28,0.9779082583894292
148,113,0.9777848709285348
148,1147,0.973186836958841
148,27,0.9721246141457468
148,771,0.9702796490090528
148,185,0.9694570805043548
148,1249,0.9690432524798136
148,805,0.9681052839353644
148,723,0.9679095406271638
149,285,0.9829780412382298
149,1237,0.9747443681647204
149,1530,0.9690160148329506
149,379,0.9683220089178046
149,1259,0.959710535823044
149,1326,0.9581130379168163
149,739,0.9566070335204367
149,1539,0.9548040792008932
149,1474,0.9547840470109452
150,584,0.9651401711933508
150,282,0.939106469599111
150,407,0.9318010201618656
150,242,0.9303762729312977
150,280,0.9285710111987692
150,135,0.9161994282311204
150,205,0.9067160419428882
150,134,0.9061712960300649
150,317,0.8997611401439178
151,214,0.9406196883182998
151,660,0.9239767200573068
151,1305,0.9171418211629296
151,1128,0.9166862448593862
151,712,0.9149399882270794
151,19,0.9132907781176164
151,1172,0.9107158000005052
151,705,0.909365867862335
151,715,0.9021288443351724
152,688,0.976124783467595
152,589,0.9748664042941456
152,1157,0.9618148396660856
152,562,0.9548239694488614
152,906,0.9514187662235608
152,1226,0.9512420246440324
152,399,0.9509700231422512
152,816,0.9505774079863698
152,482,0.9479861073022768
153,361,0.9754180102694732
153,388,0.9746555993385624
153,5,0.966776302922475
153,1217,0.9642756515448084
153,16,0.963859015608995
153,412,0.962309460457897
153,1065,0.9619360641931152
153,913,0.961671894406433
153,778,0.961618726089712
154,1114,0.9723041808452104
154,454,0.970026786247766
154,869,0.9624688105901668
154,577,0.9539432831070798
154,252,0.9516316820073772
154,462,0.9417933625917676
154,648,0.9341809031182142
154,401,0.9327966678414932
154,293,0.9302790635279332
155,228,0.9604097941933798
155,233,0.956377235395312
155,159,0.9558631558315008
155,1189,0.9537976094185714
155,423,0.952225910737546
155,676,0.9509012679309335
155,658,0.9505372618908636
155,529,0.9496683434334248
155,109,0.949592166342166
156,447,0.9893398803902737
156,14,0.9836874122231852
156,1055,0.971267031992628
156,961,0.9694370817244616
156,1263,0.9692361865566966
156,711,0.9691873413191076
156,1116,0.9686992814050012
156,1119,0.968646959923617
156,1054,0.968114861599934
157,465,0.9601791276984928
157,90,0.9509806410976964
157,299,0.9360748463002642
157,680,0.9311928775677456
157,596,0.9208600606506814
157,516,0.9159737673636188
157,52,0.9093943282927144
157,75,0.9028745598257222
157,702,0.8991055131717498
158,792,0.9288178683933896
158,1201,0.8834306114255361
158,843,0.8759665517003798
158,376,0.8651373494217716
158,331,0.8559618899544115
158,430,0.832038617748578
158,941,0.8123783451742622
158,1091,0.8016952382580822
158,154,0.7989820430807071
159,475,0.9606521885842312
159,208,0.9582566724045728
159,754,0.9575658453438404
159,109,0.9561112134270948
159,155,0.9558631558315008
159,315,0.953549292854744
159,97,0.9521015388864886
159,160,0.9520913915860448
159,363,0.951258155958448
160,415,0.9723389856347686
160,15,0.9653572091573164
160,97,0.9610696236025048
160,476,0.9575488036363328
160,235,0.9562085854847164
160,208,0.9560284341229284
160,178,0.9547686764741372
160,302,0.9536213060976316
160,754,0.9521398187598314
161,615,0.9673018961431455
161,11,0.9656032292860256
161,416,0.9640644708677149
161,246,0.9619785202081153
161,1127,0.9536085813244772
161,226,0.952936808155902
161,172,0.951903066245162
161,1424,0.951602457683397
161,908,0.9501663649213364
162,112,0.9224240903292542
162,472,0.9144379646897144
162,96,0.9129315473495562
162,135,0.911085054473274
162,826,0.9029515445033468
162,257,0.9025602528158638
162,209,0.9024974016001854
162,242,0.8999882676508308
162,50,0.8960417903938225
163,367,0.9387267174686637
163,187,0.9336559342563816
163,1505,0.9323592609818442
163,116,0.9245671372917554
163,958,0.9229020807974846
163,1268,0.9208633685148664
163,1144,0.9156861068862812
163,831,0.9141016637822784
163,650,0.9132497258601836
164,1241,0.9883579387541964
164,410,0.9746654318943272
164,308,0.9743490217893472
164,186,0.971135883283624
164,755,0.9705969669911232
164,730,0.9639900904946104
164,703,0.9578368133316114
164,1459,0.9471455046151772
164,555,0.9447786386711972
165,480,0.9861669721719246
165,1040,0.97765023012331
165,546,0.9751582944223754
165,592,0.9667595003839642
165,884,0.9651883485088972
165,524,0.9621827206461306
165,1323,0.9597060994547364
165,827,0.9591430626659369
165,879,0.9585670696381288
166,754,0.9601676503071072
166,1361,0.9557822215273286
166,907,0.9536844591857778
166,377,0.9531480521538904
166,415,0.952898632666776
166,432,0.9522297131339256
166,678,0.9486904579033436
166,566,0.9475986606748246
166,160,0.9475441896279834
167,574,0.9755318394533792
167,301,0.973746002948784
167,877,0.967635138650476
167,822,0.9651582474376734
167,878,0.9649100640406868
167,334,0.96186759177988
167,683,0.9564416068917156
167,257,0.951114770685838
167,701,0.9497885644137892
168,759,0.97304719165363
168,834,0.9596783364645723
168,374,0.9580871501962656
168,382,0.9579622315917506
168,1150,0.956984378986402
168,1271,0.9454953105609974
168,133,0.9437244690262852
168,481,0.9399249678627984
168,981,0.9393314318323336
169,358,0.931645423800178
169,929,0.9311957803680292
169,1360,0.9283926470181189
169,1365,0.9259691725624796
169,1386,0.925573358400847
169,1315,0.9251944131368453
169,1276,0.9249540955801075
169,1231,0.9246101636160518
169,1193,0.92394081718299
170,209,0.9591395488045888
170,586,0.9492061965462892
170,338,0.9484596032596456
170,173,0.9479720653696416
170,640,0.9453281280937028
170,284,0.942309480299912
170,265,0.9402454596819728
